   4395987.0   3080886.0   3433308.5    119.16     -34.7     -0.86     0.189     1514191637.0824
   4395987.0   3080886.0   3433308.5    119.15     -34.7     -0.85     0.189     1514191637.1303
   4395987.0   3080886.0   3433308.5    119.15     -34.7     -0.85     0.228     1514191637.1803
   4395987.0   3080886.0   3433308.5    119.15     -34.7     -0.85     0.229     1514191637.2303
   4395987.5   3080886.0   3433308.5    119.15     -34.7     -0.85     0.229     1514191637.2807
   4395987.5   3080886.0   3433308.5    119.15     -34.7     -0.85      0.23     1514191637.3301
   4395987.0   3080886.0   3433308.5    119.15     -34.7     -0.85     0.289     1514191637.3802
   4395987.5   3080886.0   3433308.5    119.15     -34.7     -0.85     0.292     1514191637.4306
   4395987.5   3080886.0   3433308.5    119.15    -34.71     -0.85     0.295     1514191637.4807
   4395987.5   3080886.0   3433308.5    119.15     -34.7     -0.85     0.299     1514191637.5305
   4395987.5   3080886.0   3433308.5    119.15    -34.71     -0.85      0.32       1514191637.58
   4395987.5   3080886.0   3433308.5    119.14    -34.71     -0.85     0.323     1514191637.6304
   4395987.5   3080886.0   3433308.8    119.14     -34.7     -0.85     0.327       1514191637.68
   4395987.5   3080886.0   3433308.8    119.14     -34.7     -0.85     0.331     1514191637.7301
   4395987.5   3080886.0   3433308.8    119.14    -34.71     -0.85     0.321     1514191637.7804
   4395987.5   3080886.0   3433308.8    119.14    -34.71     -0.85     0.325     1514191637.8299
   4395987.5   3080886.0   3433308.8    119.14     -34.7     -0.85      0.33     1514191637.8799
   4395987.5   3080886.0   3433308.8    119.14     -34.7     -0.85     0.334     1514191637.9298
   4395987.5   3080886.0   3433308.8    119.14     -34.7     -0.85     0.317     1514191637.9803
   4395987.5   3080886.0   3433308.8    119.14     -34.7     -0.85     0.321     1514191638.0301
   4395987.5   3080886.0   3433308.8    119.14     -34.7     -0.85     0.324     1514191638.0802
