         0.0         0.0         0.0     70.96       5.0   -173.04       0.0     1514044361.0127
         0.0         0.0         0.0     70.96      5.01   -173.04       0.0      1514044361.064
         0.0         0.0         0.0     70.96      5.01   -173.04       0.0     1514044361.1139
         0.0         0.0         0.0     70.95      5.01   -173.04       0.0     1514044361.1639
         0.0         0.0         0.0     70.95      5.01   -173.04       0.0     1514044361.2143
         0.0         0.0         0.0     70.95      5.01   -173.04       0.0     1514044361.2637
         0.0         0.0         0.0     70.95      5.01   -173.04       0.0     1514044361.3137
         0.0         0.0         0.0     70.95      5.01   -173.04       0.0     1514044361.3637
         0.0         0.0         0.0     70.96      5.01   -173.04       0.0     1514044361.4137
         0.0         0.0         0.0     70.96      5.01   -173.04       0.0     1514044361.4636
         0.0         0.0         0.0     70.96      5.01   -173.04       0.0     1514044361.5136
         0.0         0.0         0.0     70.96      5.01   -173.04       0.0     1514044361.5637
         0.0         0.0         0.0     70.95      5.01   -173.04       0.0     1514044361.6136
         0.0         0.0         0.0     70.95      5.01   -173.04       0.0     1514044361.6636
         0.0         0.0         0.0     70.95      5.01   -173.04       0.0     1514044361.7138
         0.0         0.0         0.0     70.95      5.01   -173.04       0.0     1514044361.7635
         0.0         0.0         0.0     70.96      5.01   -173.04       0.0     1514044361.8136
         0.0         0.0         0.0     70.95      5.01   -173.04       0.0     1514044361.8636
         0.0         0.0         0.0     70.95      5.01   -173.04       0.0     1514044361.9136
         0.0         0.0         0.0     70.96      5.01   -173.04       0.0     1514044361.9636
         0.0         0.0         0.0     70.95      5.01   -173.04       0.0     1514044362.0134
         0.0         0.0         0.0     70.95      5.01   -173.04       0.0     1514044362.0634
         0.0         0.0         0.0     70.95      5.01   -173.04       0.0     1514044362.1134
         0.0         0.0         0.0     70.95      5.01   -173.04       0.0     1514044362.1637
         0.0         0.0         0.0     70.95      5.01   -173.04       0.0     1514044362.2134
         0.0         0.0         0.0     70.95      5.01   -173.04       0.0     1514044362.2634
         0.0         0.0         0.0     70.95      5.01   -173.04       0.0     1514044362.3133
         0.0         0.0         0.0     70.95      5.01   -173.04       0.0     1514044362.3644
         0.0         0.0         0.0     70.95      5.01   -173.04       0.0     1514044362.4133
         0.0         0.0         0.0     70.95      5.01   -173.04       0.0     1514044362.4643
         0.0         0.0         0.0     70.95      5.01   -173.04       0.0     1514044362.5142
         0.0         0.0         0.0     70.95      5.01   -173.04       0.0     1514044362.5642
         0.0         0.0         0.0     70.95      5.01   -173.04       0.0     1514044362.6141
         0.0         0.0         0.0     70.95      5.01   -173.04       0.0      1514044362.664
         0.0         0.0         0.0     70.95      5.01   -173.04       0.0      1514044362.714
         0.0         0.0         0.0     70.95      5.01   -173.04       0.0      1514044362.764
         0.0         0.0         0.0     70.95      5.01   -173.04       0.0      1514044362.814
         0.0         0.0         0.0     70.95      5.01   -173.04       0.0      1514044362.864
         0.0         0.0         0.0     70.95      5.01   -173.04       0.0     1514044362.9139
         0.0         0.0         0.0     70.95      5.01   -173.04       0.0     1514044362.9641
         0.0         0.0         0.0     70.95      5.01   -173.04       0.0     1514044363.0141
         0.0         0.0         0.0     70.95      5.01   -173.04       0.0      1514044363.064
         0.0         0.0         0.0     70.95      5.01   -173.04       0.0      1514044363.114
         0.0         0.0         0.0     70.95      5.01   -173.04       0.0     1514044363.1665
         0.0         0.0         0.0     70.95      5.01   -173.04       0.0     1514044363.2139
         0.0         0.0         0.0     70.95      5.02   -173.04       0.0     1514044363.2638
         0.0         0.0         0.0     70.95      5.01   -173.04       0.0     1514044363.3138
         0.0         0.0         0.0     70.95      5.01   -173.04       0.0     1514044363.3637
         0.0         0.0         0.0     70.95      5.01   -173.04       0.0     1514044363.4137
         0.0         0.0         0.0     70.95      5.01   -173.04       0.0     1514044363.4637
         0.0         0.0         0.0     70.95      5.01   -173.04       0.0     1514044363.5137
         0.0         0.0         0.0     70.95      5.01   -173.04       0.0     1514044363.5638
         0.0         0.0         0.0     70.96      5.01   -173.04       0.0     1514044363.6138
         0.0         0.0         0.0     70.96      5.01   -173.04       0.0     1514044363.6637
         0.0         0.0         0.0     70.95      5.01   -173.04       0.0     1514044363.7137
         0.0         0.0         0.0     70.96      5.01   -173.04       0.0     1514044363.7637
         0.0         0.0         0.0     70.96      5.01   -173.04       0.0     1514044363.8137
         0.0         0.0         0.0     70.95      5.01   -173.03       0.0     1514044363.8637
         0.0         0.0         0.0     70.95      5.01   -173.04       0.0     1514044363.9137
         0.0         0.0         0.0     70.95      5.01   -173.04       0.0     1514044363.9636
         0.0         0.0         0.0     70.95      5.01   -173.04       0.0     1514044364.0135
         0.0         0.0         0.0     70.95      5.01   -173.04       0.0     1514044364.0634
         0.0         0.0         0.0     70.96      5.01   -173.04       0.0     1514044364.1134
         0.0         0.0         0.0     70.96      5.01   -173.04       0.0     1514044364.1634
         0.0         0.0         0.0     70.96      5.01   -173.04       0.0     1514044364.2133
         0.0         0.0         0.0     70.96      5.01   -173.04       0.0     1514044364.2633
         0.0         0.0         0.0     70.96      5.01   -173.04       0.0     1514044364.3136
         0.0         0.0         0.0     70.96      5.01   -173.04       0.0     1514044364.3635
         0.0         0.0         0.0     70.96      5.01   -173.04       0.0     1514044364.4134
         0.0         0.0         0.0     70.96      5.01   -173.04       0.0     1514044364.4644
         0.0         0.0         0.0     70.96      5.01   -173.04       0.0     1514044364.5143
         0.0         0.0         0.0     70.96      5.01   -173.04       0.0     1514044364.5643
         0.0         0.0         0.0     70.96      5.01   -173.04       0.0     1514044364.6143
         0.0         0.0         0.0     70.96      5.01   -173.04       0.0     1514044364.6642
         0.0         0.0         0.0     70.96      5.01   -173.04       0.0     1514044364.7142
         0.0         0.0         0.0     70.96      5.01   -173.04       0.0     1514044364.7642
         0.0         0.0         0.0     70.96      5.01   -173.04       0.0     1514044364.8142
         0.0         0.0         0.0     70.96      5.01   -173.04       0.0     1514044364.8641
         0.0         0.0         0.0     70.96      5.01   -173.04       0.0     1514044364.9142
         0.0         0.0         0.0     70.97      5.01   -173.04       0.0     1514044364.9641
         0.0         0.0         0.0     70.97      5.01   -173.04       0.0      1514044365.014
         0.0         0.0         0.0     70.96      5.01   -173.04       0.0      1514044365.064
         0.0         0.0         0.0     70.96      5.01   -173.04       0.0      1514044365.114
         0.0         0.0         0.0     70.96      5.01   -173.04       0.0     1514044365.1641
         0.0         0.0         0.0     70.96      5.01   -173.04       0.0      1514044365.214
         0.0         0.0         0.0     70.96      5.01   -173.04       0.0      1514044365.264
         0.0         0.0         0.0     70.96      5.01   -173.04       0.0     1514044365.3139
         0.0         0.0         0.0     70.96      5.01   -173.04       0.0      1514044365.364
         0.0         0.0         0.0     70.96      5.01   -173.04       0.0     1514044365.4139
         0.0         0.0         0.0     70.96      5.01   -173.04       0.0     1514044365.4639
         0.0         0.0         0.0     70.95      5.01   -173.04       0.0     1514044365.5138
         0.0         0.0         0.0     70.96      5.01   -173.04       0.0     1514044365.5656
         0.0         0.0         0.0     70.96      5.01   -173.04       0.0     1514044365.6138
         0.0         0.0         0.0     70.96      5.01   -173.04       0.0     1514044365.6637
         0.0         0.0         0.0     70.96      5.01   -173.04       0.0     1514044365.7137
         0.0         0.0         0.0     70.96      5.01   -173.04       0.0     1514044365.7637
         0.0         0.0         0.0     70.95       5.0   -173.04       0.0     1514044365.8136
         0.0         0.0         0.0     70.95       5.0   -173.04       0.0     1514044365.8637
         0.0         0.0         0.0     70.96      5.01   -173.04       0.0     1514044365.9136
         0.0         0.0         0.0     70.95      5.01   -173.04       0.0     1514044365.9635
         0.0         0.0         0.0     70.96      5.01   -173.04       0.0     1514044366.0135
         0.0         0.0         0.0     70.95      5.01   -173.04       0.0     1514044366.0634
         0.0         0.0         0.0     70.95       5.0   -173.05       0.0     1514044366.1134
         0.0         0.0         0.0     70.96       5.0   -173.05       0.0     1514044366.1644
         0.0         0.0         0.0     70.96      5.01   -173.04       0.0     1514044366.2144
         0.0         0.0         0.0     70.96      5.01   -173.05       0.0     1514044366.2643
         0.0         0.0         0.0     70.96       5.0   -173.04       0.0     1514044366.3143
         0.0         0.0         0.0     70.96      5.01   -173.04       0.0     1514044366.3643
         0.0         0.0         0.0     70.96       5.0   -173.04       0.0     1514044366.4143
         0.0         0.0         0.0     70.96       5.0   -173.04       0.0     1514044366.4643
         0.0         0.0         0.0     70.96       5.0   -173.04       0.0     1514044366.5142
         0.0         0.0         0.0     70.96       5.0   -173.04       0.0     1514044366.5642
         0.0         0.0         0.0     70.97      5.01   -173.04       0.0     1514044366.6143
         0.0         0.0         0.0     70.97      5.01   -173.04       0.0     1514044366.6642
         0.0         0.0         0.0     70.97      5.01   -173.04       0.0     1514044366.7142
         0.0         0.0         0.0     70.96      5.01   -173.04       0.0     1514044366.7641
         0.0         0.0         0.0     70.97      5.01   -173.04       0.0     1514044366.8141
         0.0         0.0         0.0     70.97       5.0   -173.04       0.0      1514044366.864
         0.0         0.0         0.0     70.97       5.0   -173.04       0.0      1514044366.914
         0.0         0.0         0.0     70.97       5.0   -173.04       0.0      1514044366.964
         0.0         0.0         0.0     70.97       5.0   -173.04       0.0     1514044367.0139
         0.0         0.0         0.0     70.97       5.0   -173.04       0.0     1514044367.0639
         0.0         0.0         0.0     70.97       5.0   -173.04       0.0     1514044367.1138
         0.0         0.0         0.0     70.97       5.0   -173.04       0.0     1514044367.1638
         0.0         0.0         0.0     70.97       5.0   -173.04       0.0     1514044367.2139
         0.0         0.0         0.0     70.97       5.0   -173.04       0.0     1514044367.2639
         0.0         0.0         0.0     70.97       5.0   -173.04       0.0     1514044367.3139
         0.0         0.0         0.0     70.97       5.0   -173.04       0.0     1514044367.3638
         0.0         0.0         0.0     70.97      5.01   -173.04       0.0     1514044367.4137
         0.0         0.0         0.0     70.97      5.01   -173.04       0.0     1514044367.4638
         0.0         0.0         0.0     70.97      5.01   -173.04       0.0     1514044367.5137
         0.0         0.0         0.0     70.97      5.01   -173.04       0.0     1514044367.5637
         0.0         0.0         0.0     70.97      5.01   -173.04       0.0     1514044367.6136
         0.0         0.0         0.0     70.97      5.01   -173.04       0.0     1514044367.6636
         0.0         0.0         0.0     70.97      5.01   -173.04       0.0     1514044367.7136
         0.0         0.0         0.0     70.97      5.01   -173.04       0.0     1514044367.7635
         0.0         0.0         0.0     70.97      5.01   -173.04       0.0     1514044367.8136
         0.0         0.0         0.0     70.97      5.01   -173.04       0.0     1514044367.8635
         0.0         0.0         0.0     70.97      5.01   -173.04       0.0     1514044367.9145
         0.0         0.0         0.0     70.97      5.01   -173.04       0.0     1514044367.9635
         0.0         0.0         0.0     70.97      5.01   -173.04       0.0     1514044368.0145
         0.0         0.0         0.0     70.97      5.01   -173.04       0.0     1514044368.0634
         0.0         0.0         0.0     70.97      5.01   -173.04       0.0     1514044368.1142
         0.0         0.0         0.0     70.97      5.01   -173.04       0.0     1514044368.1644
         0.0         0.0         0.0     70.97      5.01   -173.04       0.0     1514044368.2144
         0.0         0.0         0.0     70.97      5.01   -173.04       0.0     1514044368.2645
         0.0         0.0         0.0     70.97      5.01   -173.04       0.0     1514044368.3143
         0.0         0.0         0.0     70.97      5.01   -173.04       0.0     1514044368.3644
         0.0         0.0         0.0     70.97      5.01   -173.04       0.0     1514044368.4143
         0.0         0.0         0.0     70.97      5.01   -173.04       0.0     1514044368.4642
         0.0         0.0         0.0     70.97      5.01   -173.04       0.0     1514044368.5142
         0.0         0.0         0.0     70.97      5.01   -173.04       0.0     1514044368.5642
         0.0         0.0         0.0     70.97      5.01   -173.04       0.0     1514044368.6143
         0.0         0.0         0.0     70.97      5.01   -173.04       0.0     1514044368.6641
         0.0         0.0         0.0     70.97      5.01   -173.04       0.0     1514044368.7142
         0.0         0.0         0.0     70.97      5.01   -173.04       0.0     1514044368.7641
         0.0         0.0         0.0     70.97      5.01   -173.04       0.0      1514044368.814
         0.0         0.0         0.0     70.97      5.01   -173.04       0.0     1514044368.8641
         0.0         0.0         0.0     70.97      5.01   -173.04       0.0      1514044368.914
         0.0         0.0         0.0     70.96      5.01   -173.04       0.0      1514044368.964
         0.0         0.0         0.0     70.96      5.01   -173.04       0.0     1514044369.0139
         0.0         0.0         0.0     70.96      5.01   -173.04       0.0     1514044369.0639
         0.0         0.0         0.0     70.96      5.01   -173.04       0.0     1514044369.1139
         0.0         0.0         0.0     70.96      5.01   -173.04       0.0     1514044369.1638
         0.0         0.0         0.0     70.96      5.01   -173.04       0.0     1514044369.2138
         0.0         0.0         0.0     70.96      5.01   -173.04       0.0     1514044369.2639
         0.0         0.0         0.0     70.96      5.01   -173.03       0.0     1514044369.3138
         0.0         0.0         0.0     70.96      5.01   -173.03       0.0     1514044369.3638
         0.0         0.0         0.0     70.96      5.01   -173.03       0.0     1514044369.4138
         0.0         0.0         0.0     70.96      5.01   -173.03       0.0     1514044369.4636
         0.0         0.0         0.0     70.96      5.01   -173.03       0.0     1514044369.5136
         0.0         0.0         0.0     70.96      5.01   -173.03       0.0     1514044369.5637
         0.0         0.0         0.0     70.96      5.01   -173.03       0.0     1514044369.6137
         0.0         0.0         0.0     70.96      5.01   -173.03       0.0     1514044369.6636
         0.0         0.0         0.0     70.96      5.01   -173.03       0.0     1514044369.7135
         0.0         0.0         0.0     70.96      5.01   -173.03       0.0     1514044369.7634
         0.0         0.0         0.0     70.96      5.01   -173.03       0.0     1514044369.8135
         0.0         0.0         0.0     70.96      5.01   -173.04       0.0     1514044369.8644
         0.0         0.0         0.0     70.96      5.01   -173.04       0.0     1514044369.9135
         0.0         0.0         0.0     70.96      5.01   -173.03       0.0     1514044369.9643
         0.0         0.0         0.0     70.96      5.01   -173.04       0.0     1514044370.0143
         0.0         0.0         0.0     70.96      5.01   -173.04       0.0     1514044370.0643
         0.0         0.0         0.0     70.96      5.01   -173.04       0.0     1514044370.1142
         0.0         0.0         0.0     70.96      5.01   -173.04       0.0     1514044370.1642
         0.0         0.0         0.0     70.96      5.01   -173.04       0.0     1514044370.2142
         0.0         0.0         0.0     70.96      5.02   -173.04       0.0     1514044370.2642
         0.0         0.0         0.0     70.96      5.02   -173.04       0.0     1514044370.3142
         0.0         0.0         0.0     70.96      5.01   -173.04       0.0     1514044370.3641
         0.0         0.0         0.0     70.96      5.01   -173.04       0.0     1514044370.4141
         0.0         0.0         0.0     70.96      5.01   -173.04       0.0     1514044370.4641
         0.0         0.0         0.0     70.96      5.01   -173.04       0.0     1514044370.5141
         0.0         0.0         0.0     70.96      5.01   -173.04       0.0     1514044370.5641
         0.0         0.0         0.0     70.95      5.01   -173.04       0.0      1514044370.614
         0.0         0.0         0.0     70.96      5.01   -173.04       0.0     1514044370.6639
         0.0         0.0         0.0     70.96      5.01   -173.04       0.0     1514044370.7139
         0.0         0.0         0.0     70.96      5.01   -173.04       0.0     1514044370.7638
         0.0         0.0         0.0     70.96      5.01   -173.04       0.0     1514044370.8141
         0.0         0.0         0.0     70.96      5.01   -173.04       0.0     1514044370.8638
         0.0         0.0         0.0     70.96      5.01   -173.04       0.0     1514044370.9137
