   4395992.5   3080886.0   3433290.8    141.86     -20.3      1.54     0.333     1514187972.4113
   4395992.5   3080886.0   3433290.8    141.86     -20.3      1.54     0.333     1514187972.4113
   4395992.5   3080886.0   3433290.8    141.86     -20.3      1.54     0.336     1514187972.4623
   4395992.5   3080886.0   3433290.8    141.86     -20.3      1.54     0.333     1514187972.4113
   4395992.5   3080886.0   3433290.8    141.86     -20.3      1.54     0.336     1514187972.4623
   4395992.5   3080885.8   3433290.8    141.86     -20.3      1.54     0.338     1514187972.5122
   4395992.5   3080886.0   3433290.8    141.86     -20.3      1.54     0.333     1514187972.4113
   4395992.5   3080886.0   3433290.8    141.86     -20.3      1.54     0.336     1514187972.4623
   4395992.5   3080885.8   3433290.8    141.86     -20.3      1.54     0.338     1514187972.5122
   4395992.5   3080885.8   3433290.8    141.86    -20.29      1.54      0.34      1514187972.563
   4395992.5   3080886.0   3433290.8    141.86     -20.3      1.54     0.333     1514187972.4113
   4395992.5   3080886.0   3433290.8    141.86     -20.3      1.54     0.336     1514187972.4623
   4395992.5   3080885.8   3433290.8    141.86     -20.3      1.54     0.338     1514187972.5122
   4395992.5   3080885.8   3433290.8    141.86    -20.29      1.54      0.34      1514187972.563
   4395992.5   3080885.8   3433291.0    141.86    -20.29      1.54     0.335     1514187972.6121
   4395992.5   3080886.0   3433290.8    141.86     -20.3      1.54     0.333     1514187972.4113
   4395992.5   3080886.0   3433290.8    141.86     -20.3      1.54     0.336     1514187972.4623
   4395992.5   3080885.8   3433290.8    141.86     -20.3      1.54     0.338     1514187972.5122
   4395992.5   3080885.8   3433290.8    141.86    -20.29      1.54      0.34      1514187972.563
   4395992.5   3080885.8   3433291.0    141.86    -20.29      1.54     0.335     1514187972.6121
   4395992.5   3080885.8   3433290.8    141.86    -20.29      1.54     0.337     1514187972.6676
   4395992.5   3080886.0   3433290.8    141.86     -20.3      1.54     0.333     1514187972.4113
   4395992.5   3080886.0   3433290.8    141.86     -20.3      1.54     0.336     1514187972.4623
   4395992.5   3080885.8   3433290.8    141.86     -20.3      1.54     0.338     1514187972.5122
   4395992.5   3080885.8   3433290.8    141.86    -20.29      1.54      0.34      1514187972.563
   4395992.5   3080885.8   3433291.0    141.86    -20.29      1.54     0.335     1514187972.6121
   4395992.5   3080885.8   3433290.8    141.86    -20.29      1.54     0.337     1514187972.6676
   4395992.5   3080885.8   3433290.8    141.86    -20.29      1.53      0.34     1514187972.7121
   4395992.5   3080886.0   3433290.8    141.86     -20.3      1.54     0.333     1514187972.4113
   4395992.5   3080886.0   3433290.8    141.86     -20.3      1.54     0.336     1514187972.4623
   4395992.5   3080885.8   3433290.8    141.86     -20.3      1.54     0.338     1514187972.5122
   4395992.5   3080885.8   3433290.8    141.86    -20.29      1.54      0.34      1514187972.563
   4395992.5   3080885.8   3433291.0    141.86    -20.29      1.54     0.335     1514187972.6121
   4395992.5   3080885.8   3433290.8    141.86    -20.29      1.54     0.337     1514187972.6676
   4395992.5   3080885.8   3433290.8    141.86    -20.29      1.53      0.34     1514187972.7121
   4395992.5   3080885.8   3433290.8    141.86    -20.29      1.54     0.342     1514187972.7617
   4395992.5   3080886.0   3433290.8    141.86     -20.3      1.54     0.333     1514187972.4113
   4395992.5   3080886.0   3433290.8    141.86     -20.3      1.54     0.336     1514187972.4623
   4395992.5   3080885.8   3433290.8    141.86     -20.3      1.54     0.338     1514187972.5122
   4395992.5   3080885.8   3433290.8    141.86    -20.29      1.54      0.34      1514187972.563
   4395992.5   3080885.8   3433291.0    141.86    -20.29      1.54     0.335     1514187972.6121
   4395992.5   3080885.8   3433290.8    141.86    -20.29      1.54     0.337     1514187972.6676
   4395992.5   3080885.8   3433290.8    141.86    -20.29      1.53      0.34     1514187972.7121
   4395992.5   3080885.8   3433290.8    141.86    -20.29      1.54     0.342     1514187972.7617
   4395992.5   3080885.8   3433291.0    141.86    -20.29      1.54     0.336     1514187972.8117
   4395992.5   3080886.0   3433290.8    141.86     -20.3      1.54     0.333     1514187972.4113
   4395992.5   3080886.0   3433290.8    141.86     -20.3      1.54     0.336     1514187972.4623
   4395992.5   3080885.8   3433290.8    141.86     -20.3      1.54     0.338     1514187972.5122
   4395992.5   3080885.8   3433290.8    141.86    -20.29      1.54      0.34      1514187972.563
   4395992.5   3080885.8   3433291.0    141.86    -20.29      1.54     0.335     1514187972.6121
   4395992.5   3080885.8   3433290.8    141.86    -20.29      1.54     0.337     1514187972.6676
   4395992.5   3080885.8   3433290.8    141.86    -20.29      1.53      0.34     1514187972.7121
   4395992.5   3080885.8   3433290.8    141.86    -20.29      1.54     0.342     1514187972.7617
   4395992.5   3080885.8   3433291.0    141.86    -20.29      1.54     0.336     1514187972.8117
   4395992.5   3080885.8   3433290.8    141.87    -20.29      1.54     0.338     1514187972.8616
   4395992.5   3080886.0   3433290.8    141.86     -20.3      1.54     0.333     1514187972.4113
   4395992.5   3080886.0   3433290.8    141.86     -20.3      1.54     0.336     1514187972.4623
   4395992.5   3080885.8   3433290.8    141.86     -20.3      1.54     0.338     1514187972.5122
   4395992.5   3080885.8   3433290.8    141.86    -20.29      1.54      0.34      1514187972.563
   4395992.5   3080885.8   3433291.0    141.86    -20.29      1.54     0.335     1514187972.6121
   4395992.5   3080885.8   3433290.8    141.86    -20.29      1.54     0.337     1514187972.6676
   4395992.5   3080885.8   3433290.8    141.86    -20.29      1.53      0.34     1514187972.7121
   4395992.5   3080885.8   3433290.8    141.86    -20.29      1.54     0.342     1514187972.7617
   4395992.5   3080885.8   3433291.0    141.86    -20.29      1.54     0.336     1514187972.8117
   4395992.5   3080885.8   3433290.8    141.87    -20.29      1.54     0.338     1514187972.8616
   4395992.5   3080885.8   3433290.8    141.86    -20.29      1.54     0.341     1514187972.9116
   4395992.5   3080886.0   3433290.8    141.86     -20.3      1.54     0.333     1514187972.4113
   4395992.5   3080886.0   3433290.8    141.86     -20.3      1.54     0.336     1514187972.4623
   4395992.5   3080885.8   3433290.8    141.86     -20.3      1.54     0.338     1514187972.5122
   4395992.5   3080885.8   3433290.8    141.86    -20.29      1.54      0.34      1514187972.563
   4395992.5   3080885.8   3433291.0    141.86    -20.29      1.54     0.335     1514187972.6121
   4395992.5   3080885.8   3433290.8    141.86    -20.29      1.54     0.337     1514187972.6676
   4395992.5   3080885.8   3433290.8    141.86    -20.29      1.53      0.34     1514187972.7121
   4395992.5   3080885.8   3433290.8    141.86    -20.29      1.54     0.342     1514187972.7617
   4395992.5   3080885.8   3433291.0    141.86    -20.29      1.54     0.336     1514187972.8117
   4395992.5   3080885.8   3433290.8    141.87    -20.29      1.54     0.338     1514187972.8616
   4395992.5   3080885.8   3433290.8    141.86    -20.29      1.54     0.341     1514187972.9116
   4395992.5   3080885.8   3433290.8    141.86    -20.29      1.54     0.343     1514187972.9616
   4395992.5   3080886.0   3433290.8    141.86     -20.3      1.54     0.333     1514187972.4113
   4395992.5   3080886.0   3433290.8    141.86     -20.3      1.54     0.336     1514187972.4623
   4395992.5   3080885.8   3433290.8    141.86     -20.3      1.54     0.338     1514187972.5122
   4395992.5   3080885.8   3433290.8    141.86    -20.29      1.54      0.34      1514187972.563
   4395992.5   3080885.8   3433291.0    141.86    -20.29      1.54     0.335     1514187972.6121
   4395992.5   3080885.8   3433290.8    141.86    -20.29      1.54     0.337     1514187972.6676
   4395992.5   3080885.8   3433290.8    141.86    -20.29      1.53      0.34     1514187972.7121
   4395992.5   3080885.8   3433290.8    141.86    -20.29      1.54     0.342     1514187972.7617
   4395992.5   3080885.8   3433291.0    141.86    -20.29      1.54     0.336     1514187972.8117
   4395992.5   3080885.8   3433290.8    141.87    -20.29      1.54     0.338     1514187972.8616
   4395992.5   3080885.8   3433290.8    141.86    -20.29      1.54     0.341     1514187972.9116
   4395992.5   3080885.8   3433290.8    141.86    -20.29      1.54     0.343     1514187972.9616
   4395992.5   3080885.8   3433290.8    141.86    -20.29      1.54     0.337     1514187973.0115
   4395992.5   3080886.0   3433290.8    141.86     -20.3      1.54     0.333     1514187972.4113
   4395992.5   3080886.0   3433290.8    141.86     -20.3      1.54     0.336     1514187972.4623
   4395992.5   3080885.8   3433290.8    141.86     -20.3      1.54     0.338     1514187972.5122
   4395992.5   3080885.8   3433290.8    141.86    -20.29      1.54      0.34      1514187972.563
   4395992.5   3080885.8   3433291.0    141.86    -20.29      1.54     0.335     1514187972.6121
   4395992.5   3080885.8   3433290.8    141.86    -20.29      1.54     0.337     1514187972.6676
   4395992.5   3080885.8   3433290.8    141.86    -20.29      1.53      0.34     1514187972.7121
   4395992.5   3080885.8   3433290.8    141.86    -20.29      1.54     0.342     1514187972.7617
   4395992.5   3080885.8   3433291.0    141.86    -20.29      1.54     0.336     1514187972.8117
   4395992.5   3080885.8   3433290.8    141.87    -20.29      1.54     0.338     1514187972.8616
   4395992.5   3080885.8   3433290.8    141.86    -20.29      1.54     0.341     1514187972.9116
   4395992.5   3080885.8   3433290.8    141.86    -20.29      1.54     0.343     1514187972.9616
   4395992.5   3080885.8   3433290.8    141.86    -20.29      1.54     0.337     1514187973.0115
   4395992.5   3080885.8   3433290.8    141.86    -20.29      1.54      0.34     1514187973.0615
   4395992.5   3080886.0   3433290.8    141.86     -20.3      1.54     0.333     1514187972.4113
   4395992.5   3080886.0   3433290.8    141.86     -20.3      1.54     0.336     1514187972.4623
   4395992.5   3080885.8   3433290.8    141.86     -20.3      1.54     0.338     1514187972.5122
   4395992.5   3080885.8   3433290.8    141.86    -20.29      1.54      0.34      1514187972.563
   4395992.5   3080885.8   3433291.0    141.86    -20.29      1.54     0.335     1514187972.6121
   4395992.5   3080885.8   3433290.8    141.86    -20.29      1.54     0.337     1514187972.6676
   4395992.5   3080885.8   3433290.8    141.86    -20.29      1.53      0.34     1514187972.7121
   4395992.5   3080885.8   3433290.8    141.86    -20.29      1.54     0.342     1514187972.7617
   4395992.5   3080885.8   3433291.0    141.86    -20.29      1.54     0.336     1514187972.8117
   4395992.5   3080885.8   3433290.8    141.87    -20.29      1.54     0.338     1514187972.8616
   4395992.5   3080885.8   3433290.8    141.86    -20.29      1.54     0.341     1514187972.9116
   4395992.5   3080885.8   3433290.8    141.86    -20.29      1.54     0.343     1514187972.9616
   4395992.5   3080885.8   3433290.8    141.86    -20.29      1.54     0.337     1514187973.0115
   4395992.5   3080885.8   3433290.8    141.86    -20.29      1.54      0.34     1514187973.0615
   4395992.5   3080885.8   3433290.8    141.86     -20.3      1.54     0.342     1514187973.1115
   4395992.5   3080886.0   3433290.8    141.86     -20.3      1.54     0.333     1514187972.4113
   4395992.5   3080886.0   3433290.8    141.86     -20.3      1.54     0.336     1514187972.4623
   4395992.5   3080885.8   3433290.8    141.86     -20.3      1.54     0.338     1514187972.5122
   4395992.5   3080885.8   3433290.8    141.86    -20.29      1.54      0.34      1514187972.563
   4395992.5   3080885.8   3433291.0    141.86    -20.29      1.54     0.335     1514187972.6121
   4395992.5   3080885.8   3433290.8    141.86    -20.29      1.54     0.337     1514187972.6676
   4395992.5   3080885.8   3433290.8    141.86    -20.29      1.53      0.34     1514187972.7121
   4395992.5   3080885.8   3433290.8    141.86    -20.29      1.54     0.342     1514187972.7617
   4395992.5   3080885.8   3433291.0    141.86    -20.29      1.54     0.336     1514187972.8117
   4395992.5   3080885.8   3433290.8    141.87    -20.29      1.54     0.338     1514187972.8616
   4395992.5   3080885.8   3433290.8    141.86    -20.29      1.54     0.341     1514187972.9116
   4395992.5   3080885.8   3433290.8    141.86    -20.29      1.54     0.343     1514187972.9616
   4395992.5   3080885.8   3433290.8    141.86    -20.29      1.54     0.337     1514187973.0115
   4395992.5   3080885.8   3433290.8    141.86    -20.29      1.54      0.34     1514187973.0615
   4395992.5   3080885.8   3433290.8    141.86     -20.3      1.54     0.342     1514187973.1115
   4395992.5   3080885.8   3433290.8    141.86    -20.29      1.54     0.345      1514187973.162
   4395992.5   3080886.0   3433290.8    141.86     -20.3      1.54     0.333     1514187972.4113
   4395992.5   3080886.0   3433290.8    141.86     -20.3      1.54     0.336     1514187972.4623
   4395992.5   3080885.8   3433290.8    141.86     -20.3      1.54     0.338     1514187972.5122
   4395992.5   3080885.8   3433290.8    141.86    -20.29      1.54      0.34      1514187972.563
   4395992.5   3080885.8   3433291.0    141.86    -20.29      1.54     0.335     1514187972.6121
   4395992.5   3080885.8   3433290.8    141.86    -20.29      1.54     0.337     1514187972.6676
   4395992.5   3080885.8   3433290.8    141.86    -20.29      1.53      0.34     1514187972.7121
   4395992.5   3080885.8   3433290.8    141.86    -20.29      1.54     0.342     1514187972.7617
   4395992.5   3080885.8   3433291.0    141.86    -20.29      1.54     0.336     1514187972.8117
   4395992.5   3080885.8   3433290.8    141.87    -20.29      1.54     0.338     1514187972.8616
   4395992.5   3080885.8   3433290.8    141.86    -20.29      1.54     0.341     1514187972.9116
   4395992.5   3080885.8   3433290.8    141.86    -20.29      1.54     0.343     1514187972.9616
   4395992.5   3080885.8   3433290.8    141.86    -20.29      1.54     0.337     1514187973.0115
   4395992.5   3080885.8   3433290.8    141.86    -20.29      1.54      0.34     1514187973.0615
   4395992.5   3080885.8   3433290.8    141.86     -20.3      1.54     0.342     1514187973.1115
   4395992.5   3080885.8   3433290.8    141.86    -20.29      1.54     0.345      1514187973.162
   4395992.5   3080885.8   3433290.8    141.86     -20.3      1.53     0.339     1514187973.2115
   4395992.5   3080886.0   3433290.8    141.86     -20.3      1.54     0.333     1514187972.4113
   4395992.5   3080886.0   3433290.8    141.86     -20.3      1.54     0.336     1514187972.4623
   4395992.5   3080885.8   3433290.8    141.86     -20.3      1.54     0.338     1514187972.5122
   4395992.5   3080885.8   3433290.8    141.86    -20.29      1.54      0.34      1514187972.563
   4395992.5   3080885.8   3433291.0    141.86    -20.29      1.54     0.335     1514187972.6121
   4395992.5   3080885.8   3433290.8    141.86    -20.29      1.54     0.337     1514187972.6676
   4395992.5   3080885.8   3433290.8    141.86    -20.29      1.53      0.34     1514187972.7121
   4395992.5   3080885.8   3433290.8    141.86    -20.29      1.54     0.342     1514187972.7617
   4395992.5   3080885.8   3433291.0    141.86    -20.29      1.54     0.336     1514187972.8117
   4395992.5   3080885.8   3433290.8    141.87    -20.29      1.54     0.338     1514187972.8616
   4395992.5   3080885.8   3433290.8    141.86    -20.29      1.54     0.341     1514187972.9116
   4395992.5   3080885.8   3433290.8    141.86    -20.29      1.54     0.343     1514187972.9616
   4395992.5   3080885.8   3433290.8    141.86    -20.29      1.54     0.337     1514187973.0115
   4395992.5   3080885.8   3433290.8    141.86    -20.29      1.54      0.34     1514187973.0615
   4395992.5   3080885.8   3433290.8    141.86     -20.3      1.54     0.342     1514187973.1115
   4395992.5   3080885.8   3433290.8    141.86    -20.29      1.54     0.345      1514187973.162
   4395992.5   3080885.8   3433290.8    141.86     -20.3      1.53     0.339     1514187973.2115
   4395992.5   3080885.8   3433290.8    141.86    -20.29      1.53     0.341     1514187973.2614
   4395992.5   3080886.0   3433290.8    141.86     -20.3      1.54     0.333     1514187972.4113
   4395992.5   3080886.0   3433290.8    141.86     -20.3      1.54     0.336     1514187972.4623
   4395992.5   3080885.8   3433290.8    141.86     -20.3      1.54     0.338     1514187972.5122
   4395992.5   3080885.8   3433290.8    141.86    -20.29      1.54      0.34      1514187972.563
   4395992.5   3080885.8   3433291.0    141.86    -20.29      1.54     0.335     1514187972.6121
   4395992.5   3080885.8   3433290.8    141.86    -20.29      1.54     0.337     1514187972.6676
   4395992.5   3080885.8   3433290.8    141.86    -20.29      1.53      0.34     1514187972.7121
   4395992.5   3080885.8   3433290.8    141.86    -20.29      1.54     0.342     1514187972.7617
   4395992.5   3080885.8   3433291.0    141.86    -20.29      1.54     0.336     1514187972.8117
   4395992.5   3080885.8   3433290.8    141.87    -20.29      1.54     0.338     1514187972.8616
   4395992.5   3080885.8   3433290.8    141.86    -20.29      1.54     0.341     1514187972.9116
   4395992.5   3080885.8   3433290.8    141.86    -20.29      1.54     0.343     1514187972.9616
   4395992.5   3080885.8   3433290.8    141.86    -20.29      1.54     0.337     1514187973.0115
   4395992.5   3080885.8   3433290.8    141.86    -20.29      1.54      0.34     1514187973.0615
   4395992.5   3080885.8   3433290.8    141.86     -20.3      1.54     0.342     1514187973.1115
   4395992.5   3080885.8   3433290.8    141.86    -20.29      1.54     0.345      1514187973.162
   4395992.5   3080885.8   3433290.8    141.86     -20.3      1.53     0.339     1514187973.2115
   4395992.5   3080885.8   3433290.8    141.86    -20.29      1.53     0.341     1514187973.2614
   4395992.5   3080885.8   3433290.8    141.85    -20.29      1.54     0.344     1514187973.3115
   4395992.5   3080886.0   3433290.8    141.86     -20.3      1.54     0.333     1514187972.4113
   4395992.5   3080886.0   3433290.8    141.86     -20.3      1.54     0.336     1514187972.4623
   4395992.5   3080885.8   3433290.8    141.86     -20.3      1.54     0.338     1514187972.5122
   4395992.5   3080885.8   3433290.8    141.86    -20.29      1.54      0.34      1514187972.563
   4395992.5   3080885.8   3433291.0    141.86    -20.29      1.54     0.335     1514187972.6121
   4395992.5   3080885.8   3433290.8    141.86    -20.29      1.54     0.337     1514187972.6676
   4395992.5   3080885.8   3433290.8    141.86    -20.29      1.53      0.34     1514187972.7121
   4395992.5   3080885.8   3433290.8    141.86    -20.29      1.54     0.342     1514187972.7617
   4395992.5   3080885.8   3433291.0    141.86    -20.29      1.54     0.336     1514187972.8117
   4395992.5   3080885.8   3433290.8    141.87    -20.29      1.54     0.338     1514187972.8616
   4395992.5   3080885.8   3433290.8    141.86    -20.29      1.54     0.341     1514187972.9116
   4395992.5   3080885.8   3433290.8    141.86    -20.29      1.54     0.343     1514187972.9616
   4395992.5   3080885.8   3433290.8    141.86    -20.29      1.54     0.337     1514187973.0115
   4395992.5   3080885.8   3433290.8    141.86    -20.29      1.54      0.34     1514187973.0615
   4395992.5   3080885.8   3433290.8    141.86     -20.3      1.54     0.342     1514187973.1115
   4395992.5   3080885.8   3433290.8    141.86    -20.29      1.54     0.345      1514187973.162
   4395992.5   3080885.8   3433290.8    141.86     -20.3      1.53     0.339     1514187973.2115
   4395992.5   3080885.8   3433290.8    141.86    -20.29      1.53     0.341     1514187973.2614
   4395992.5   3080885.8   3433290.8    141.85    -20.29      1.54     0.344     1514187973.3115
   4395992.5   3080885.8   3433290.8    141.85    -20.29      1.54     0.347     1514187973.3613
