       -0.81        0.69        0.02        1.06      220.42          18            1005.829
       -0.79        0.68        0.02        1.04      220.63          30            1005.829
       -0.78        0.67        0.02        1.03      220.83          39            1005.829
       -0.77        0.67        0.02        1.02      221.02          40            1005.829
       -0.77        0.67        0.02        1.02      221.22          59            1005.829
       -0.76        0.67        0.02        1.02      221.43          52            1005.829
       -0.77        0.68        0.02        1.03      221.63          58            1005.829
       -0.75        0.67        0.02         1.0      221.82          60            1005.829
       -0.76        0.68        0.02        1.02      222.02          66             1005.83
       -0.75        0.68        0.02        1.01      222.22          60             1005.83
       -0.76        0.69        0.02        1.02      222.42          47             1005.83
       -0.75        0.69        0.02        1.02      222.62          47             1005.83
       -0.74        0.68        0.02        1.01      222.82          38             1005.83
       -0.74        0.69        0.02        1.01      223.01          36             1005.83
       -0.74         0.7        0.02        1.02      223.21          29             1005.83
       -0.76        0.72        0.02        1.05      223.42          31             1005.83
       -0.83        0.79        0.02        1.14      223.62          64             1005.83
       -0.84         0.8        0.02        1.16      223.82         100             1005.83
       -0.83         0.8        0.02        1.15      224.02         100             1005.83
       -0.83        0.81        0.02        1.16      224.22         100             1005.83
       -0.82         0.8        0.02        1.15      224.42         100             1005.83
       -0.82        0.81        0.02        1.15      224.62         100             1005.83
       -0.82        0.81        0.02        1.15      224.81          63             1005.83
       -0.82        0.82        0.02        1.17       225.0          54             1005.83
