        3.66        5.87        0.12
        3.69        5.88        0.12
        3.74         5.9        0.12
        3.78        5.93        0.12
        3.82        5.94        0.12
        3.86        5.96        0.12
        1.43         2.2        0.05
        1.44        2.19        0.05
        1.41        2.13        0.04
        1.43        2.14        0.05
        1.43        2.12        0.04
        1.44        2.12        0.04
        1.45        2.13        0.05
        1.46        2.13        0.05
        1.47        2.12        0.05
        1.48        2.12        0.05
        1.49        2.11        0.05
         1.5        2.11        0.05
        1.51        2.11        0.05
         1.5        2.09        0.05
        1.51        2.08        0.04
        1.52        2.08        0.04
        1.52        2.07        0.04
        1.52        2.06        0.04
